3 1 1 1
8 1 1 1 1 1 1 1 1
8 100 1 1 1 1 1 1 1
8 1 2 4 8 16 32 64 128
8 0 0 5 0 0 3 0 9
1 1
2 7 7
288 1000 500 333 250 200 166 142 125 111 100 90 83 76 71 66 62 58 55 52 50 47 45 43 41 40 38 37 35 34 33 32 31 30 29 28 27 27 26 25 25 24 23 23 22 22 21 21 20 20 20 19 19 18 18 18 17 17 17 16 16 16 16 15 15 15 15 14 14 14 14 14 13 13 13 13 13 12 12 12 12 12 12 12 11 11 11 11 11 11 11 10 10 10 10 10 10 10 10 10 10 9 9 9 9 9 9 9 9 9 9 9 8 8 8 8 8 8 8 8 8 8 8 8 8 8 7 7 7 7 7 7 7 7 7 7 7 7 7 7 7 7 7 6 6 6 6 6 6 6 6 6 6 6 6 6 6 6 6 6 6 6 6 6 6 6 6 5 5 5 5 5 5 5 5 5 5 5 5 5 5 5 5 5 5 5 5 5 5 5 5 5 5 5 5 5 5 5 5 5 5 4 4 4 4 4 4 4 4 4 4 4 4 4 4 4 4 4 4 4 4 4 4 4 4 4 4 4 4 4 4 4 4 4 4 4 4 4 4 4 4 4 4 4 4 4 4 4 4 4 4 3 3 3 3 3 3 3 3 3 3 3 3 3 3 3 3 3 3 3 3 3 3 3 3 3 3 3 3 3 3 3 3 3 3 3 3 3 3
24 1 1 1 1 2 4 7 11 18 29 48 77 125 203 329 532 862 1395 2257 3652 5909 9561 15470 25032
288 255 3 255 2 0 3 17 1 3 255 3 255 17 1 0 1 1 17 1 3 2 17 0 1 0 2 2 900 0 1 3 0 1 0 0 17 3 900 1 17 2 900 900 3 1 0 1 900 900 0 3 0 1 0 1 255 1 0 0 1 255 17 1 900 1 1 900 900 0 3 255 0 2 1 3 1 17 2 0 900 255 0 3 2 3 0 0 3 3 0 1 900 17 2 0 1 0 2 2 1 900 3 17 2 0 0 1 1 3 900 2 900 900 2 255 1 1 900 0 900 900 3 1 900 2 1 17 3 3 900 3 2 3 0 255 2 1 3 17 255 0 0 255 3 0 0 0 255 17 900 1 1 255 17 0 900 3 0 0 1 0 3 0 2 255 17 900 0 3 0 17 255 1 1 255 0 1 1 17 255 17 2 17 3 2 3 900 3 17 3 2 17 3 900 1 17 17 1 0 1 1 0 2 2 3 255 1 255 2 255 2 0 1 1 0 1 255 1 3 900 0 1 1 1 900 3 1 2 1 255 0 2 0 255 17 17 1 1 3 0 1 3 900 255 1 17 0 1 1 17 2 255 0 1 0 0 1 900 17 255 0 17 2 17 1 1 3 1 255 900 1 2 1 2 3 255 0 1 1 255 900 0 2 17 0 17 17 3
17 2 255 17 3 900 2 0 1 1 255 1 1 900 0 1 255 1
17 1 3 0 0 2 255 1 2 0 2 0 255 0 0 3 0 0
3 0 255 1
64 1 0 1 17 17 0 0 0 3 3 3 255 900 2 900 900 255 17 0 0 3 255 0 3 17 255 255 17 1 1 255 0 17 2 2 3 3 3 0 17 1 2 1 900 900 17 1 2 3 1 17 900 3 900 2 0 3 3 0 0 1 0 1 0
17 900 1 2 17 2 0 17 0 1 17 900 0 1 17 0 0 900
17 0 17 255 255 1 1 900 255 900 900 255 1 0 900 1 1 3
288 0 1 1 1 17 0 255 3 1 255 3 17 0 900 17 1 1 1 1 2 1 0 2 0 17 255 0 0 900 255 1 3 17 17 255 2 255 1 0 255 1 0 2 2 2 3 1 255 0 2 17 900 0 900 1 2 0 255 255 17 255 1 2 1 17 17 900 17 3 17 1 3 0 0 3 0 255 0 255 255 17 1 1 900 1 900 1 900 900 2 900 17 17 0 0 1 900 17 900 17 900 255 0 17 17 1 900 900 17 2 3 1 0 3 0 0 3 17 1 17 1 0 17 3 17 1 1 2 0 255 0 255 0 1 17 0 0 3 17 1 0 17 2 255 255 0 0 900 0 2 0 255 1 255 1 1 2 0 1 1 1 3 2 900 3 255 0 900 2 17 900 0 900 0 0 0 255 1 1 2 255 255 17 2 0 1 0 0 1 255 0 0 3 17 0 1 0 0 2 900 1 0 3 900 3 255 255 0 0 3 1 0 0 1 255 0 2 3 17 255 3 1 3 1 1 3 17 1 900 0 3 0 0 900 3 17 2 3 1 900 255 1 255 3 900 3 255 1 900 2 900 2 0 0 17 0 0 0 1 900 17 17 3 0 0 0 0 0 2 2 0 900 1 0 3 1 2 2 1 0 900 0 1 3 0 255 0 1
17 1 17 255 3 1 255 0 3 0 1 3 1 1 17 2 3 0
2 1 255
32 255 3 3 2 1 0 3 3 1 255 1 0 900 255 0 1 1 255 1 900 900 0 255 2 1 0 1 1 0 900 2 900
64 1 900 1 1 1 1 255 0 0 0 900 1 2 3 0 255 255 1 0 0 900 0 900 3 0 0 255 1 1 1 0 17 3 1 900 1 1 1 0 3 3 1 3 900 17 0 1 2 255 0 1 2 2 255 1 17 3 3 3 0 900 3 17 900
32 3 1 255 2 3 1 3 0 900 3 1 2 0 900 900 255 1 1 17 0 17 900 0 2 0 0 3 2 900 1 900 1
17 3 255 0 255 3 0 1 0 1 1 17 17 900 255 255 0 900
17 3 255 0 2 2 1 2 1 2 255 17 3 17 900 900 0 17
3 0 0 1
32 900 1 2 900 0 1 0 1 2 17 2 1 255 900 0 3 255 255 1 0 17 900 1 0 1 0 0 255 255 1 1 1
5 900 17 17 0 255
2 1 0
17 1 900 3 1 17 2 3 2 900 2 900 255 3 3 0 1 0
288 0 1 0 1 1 255 255 255 3 0 900 0 0 2 2 0 0 1 0 0 0 17 1 1 2 2 0 0 1 900 3 0 17 2 17 1 1 900 1 2 900 17 1 0 900 1 255 2 1 0 0 17 0 2 255 0 3 0 3 0 900 900 0 2 255 900 900 3 2 1 0 2 3 17 17 3 900 3 0 255 17 0 1 0 2 1 2 1 1 0 900 255 0 255 0 1 3 3 17 255 3 1 2 17 0 1 900 17 3 900 1 900 255 2 255 1 255 1 0 3 0 0 17 255 17 1 17 900 0 0 1 0 17 900 0 3 17 0 0 900 0 17 1 2 900 255 1 17 17 0 0 900 255 1 17 0 2 1 3 2 0 900 0 255 0 17 900 2 1 1 3 0 1 2 1 900 900 900 1 0 0 3 255 255 255 1 3 3 255 1 0 900 255 0 2 17 0 0 2 3 255 3 17 900 3 900 3 17 2 900 1 17 0 3 3 900 3 900 3 1 17 1 1 17 0 255 0 1 3 1 1 1 0 2 17 2 900 17 2 2 2 900 1 3 0 1 17 3 0 255 17 17 3 1 2 17 0 1 3 3 0 2 1 3 0 1 900 900 17 255 0 900 0 255 2 1 3 900 255 255 1 1 0 3 3 255 1 17
3 17 0 0
64 1 1 3 1 3 0 0 3 1 17 900 900 17 2 900 1 1 255 255 1 0 0 17 900 3 17 1 2 2 2 3 1 0 0 0 0 0 1 17 2 1 0 1 1 17 1 900 255 255 0 17 1 2 1 900 0 1 17 255 0 2 2 3 900
288 1 1 2 0 1 3 255 3 1 0 1 255 0 255 1 17 255 1 255 900 1 1 2 1 1 1 1 0 2 0 1 0 1 1 3 0 255 900 255 3 3 0 0 1 255 3 0 17 3 0 17 1 2 1 2 0 3 0 0 0 1 17 1 17 2 1 17 3 17 0 1 17 17 2 3 900 0 2 0 17 0 3 3 1 900 255 900 0 900 17 17 1 0 17 1 0 1 1 1 2 1 900 255 2 1 0 1 2 0 900 255 900 1 2 2 17 1 0 17 1 3 0 2 2 900 3 3 1 3 3 900 3 900 0 2 900 900 3 2 0 255 900 0 2 1 1 255 3 2 2 900 255 1 0 1 900 0 2 0 0 2 1 255 2 1 0 900 2 900 2 900 2 3 3 17 1 2 17 1 1 0 17 2 900 0 1 0 17 2 3 0 17 3 2 3 900 900 1 17 0 3 1 255 0 2 0 255 0 900 1 0 255 2 1 0 0 1 3 3 17 900 1 0 17 0 17 3 900 1 255 0 1 1 1 17 0 255 1 255 2 1 3 17 1 1 900 255 1 0 2 3 0 0 0 1 1 1 1 0 1 2 255 0 0 0 900 17 255 0 0 17 0 1 0 3 17 2 0 0 17 0 17 17 17 1 900 17 900
